year,avg_rating,num_ratings
1997,4.833333333333333,24
1998,4.547425474254743,7380
1999,4.446762245236428,27133
2000,4.396311527002644,95324
2001,4.366097135297975,89957
2002,4.357464546806594,95478
2003,4.307752162426261,110524
2004,4.254993140970495,129027
2005,4.23407406508161,164747
2006,4.295665433312135,138376
2007,4.37624183934147,147966
2008,4.369412736617178,125889
2009,4.392668617038192,125788
2010,4.395803135569217,120042
2011,4.415677242584283,125915
2012,4.477653094325568,166466
2013,4.559605169768986,349416
2014,4.600350254241565,455669
2015,4.624366240616913,522083
2016,4.63035642389691,419753
2017,4.610493508028184,338495
2018,4.589490215388288,268074
2019,4.590112148482343,249134
2020,4.462561982537585,177066
2021,4.471861291648671,192173
2022,4.435489399563876,137117
2023,4.431004828315063,48257
